HighScore : 66.0 
CurrentVolume(SFX) : 1.6000003 
CurrentVolume(MUSIC) : 1.6000003 
CurrentRate : 1.9000003 
CurrentPitch : 1.4000018 
